727970
726940
725970 
724930 
723930 
722930 
723860=723880 
724890 
725820 
726810 
727860 
727760=727750 
727680 
725765=726720 
725720 
723760 
722740 
724760 
724690 
723650 
723640 
722500 
722510 
722610 
722650 
723630 
722490 
723570 
724510 
724560 
725620 
725580 
726620 
726590 
727640 
727470 
726490 
724400 
723400 
722480 
722400 
722330 
722350 
722300 
723270 
745600 
744550 
726450 
726340 
726320 
724260 
722150 
727120 
743890 
744940 
725180 
725280 
725200 
725010 
724030 
724020 
723180 
723170 
723050 
722080 
722060 
722140 
747940 
722100 
722020 
722010 
911650 
912850 
785260 
703980 
703610 
703500 
703260 
702730 
703080 
702190 
702610 
701330 
703160 
702000
